1
4
5
7
11
12
14
15
18
23
29
32
34
39
40
42
43
44
45
46
47
49
51
54
55
57
60
61
62
63
64
66
67
71
72
75
76
79
83
84
85
86
87
88
90
92
93
99
104
107
109
110
111
113
115
118
119
120
121
122
124
125
126
127
128
131
133
135
137
138
139
142
143
145
146
147
148
149
153
155
156
159
161
162
165
166
168
169
173
175
178
180
183
184
185
187
188
198
199
201
204
210
211
220
223
229
232
233
240
241
242
244
245
246
247
248
249
252
253
257
259
261
263
264
265
266
268
274
278
280
281
282
285
287
293
296
297
298
299
304
307
308
309
311
312
316
317
321
324
326
327
328
330
331
332
337
341
344
347
349
350
351
353
354
355
356
357
358
361
362
363
364
366
370
371
374
375
378
379
380
381
382
384
385
387
388
389
391
396
397
398
399
400
401
409
410
411
413
414
415
417
421
422
423
425
428
429
434
435
438
440
442
443
444
448
449
450
451
455
458
459
460
461
463
468
469
470
472
473
474
478
480
481
484
487
494
496
497
499
500
503
506
507
508
511
514
517
518
521
522
524
525
527
529
530
531
534
535
539
541
542
545
548
549
550
552
553
554
556
557
558
561
571
572
573
578
579
583
584
587
588
590
592
593
595
600
602
610
611
612
613
615
616
622
623
627
628
629
631
636
637
640
641
642
644
645
646
650
653
655
656
657
658
659
660
661
663
664
667
668
669
670
671
672
673
674
679
681
