208
100
262
543
37
194
35
193
206
504
25
495
543
136
26
150
205
504
9
26
581
205
323
314
2
114
559
255
523
191
197
559
665
625
295
200
639
420
291
301
601
395
224
338
339
6
490
318
441
141
513
427
576
234
367
290
620
632
69
272
677
617
103
395
665
520
6
38
254
608
516
416
26
577
677
608
95
136
581
340
221
73
181
94
144
666
597
609
365
596
346
310
19
485
406
197
348
160
365
625
21
404
172
333
386
112
271
614
647
19
419
291
648
439
632
340
123
605
192
594
620
338
345
89
33
492
305
624
192
286
547
269
254
291
103
620
279
475
651
565
171
310
262
286
338
171
