1
5
6
7
8
10
11
12
13
15
18
19
20
21
22
23
24
26
29
31
32
34
35
36
37
39
41
44
49
51
54
55
58
60
61
62
63
64
65
66
69
70
71
72
74
75
80
81
83
85
86
87
89
90
93
97
99
101
102
103
104
105
106
108
109
110
112
114
115
122
127
129
130
135
137
138
139
140
142
143
145
149
150
151
152
153
154
155
158
161
165
166
168
170
171
172
174
179
180
182
183
184
185
186
188
190
192
193
196
198
199
200
201
202
203
205
206
209
213
214
216
217
219
221
222
224
226
228
230
232
233
240
243
244
245
252
253
254
255
258
260
261
263
266
267
268
269
270
271
273
274
276
280
281
283
286
287
288
289
290
291
292
293
299
300
302
303
304
308
309
310
312
313
314
318
321
322
323
324
325
326
328
329
332
333
336
340
342
344
345
346
348
349
350
352
353
354
356
357
358
359
360
361
363
364
365
366
367
368
370
371
373
375
378
379
380
384
386
388
390
392
394
395
396
401
403
404
406
407
410
413
415
418
419
426
429
430
432
433
440
441
442
443
445
447
450
453
454
455
458
459
460
463
465
473
474
476
477
480
481
482
483
489
490
492
493
496
497
499
503
504
507
508
509
511
514
522
523
527
529
532
533
535
538
539
540
543
544
545
547
549
550
555
556
558
559
564
567
569
570
571
573
576
579
580
583
585
587
588
594
595
597
599
602
603
607
608
609
612
614
616
617
621
623
626
631
634
635
636
640
641
643
644
645
650
651
653
654
661
664
665
667
668
669
671
673
675
676
677
678
679
680
