2
3
4
9
14
16
17
25
27
28
30
33
38
40
42
43
45
46
47
48
50
52
53
56
57
59
67
68
73
76
77
78
79
82
84
88
91
92
94
95
96
98
100
107
111
113
116
117
118
119
120
121
123
124
125
126
128
131
132
133
134
136
141
144
146
147
148
156
157
159
160
162
163
164
167
169
173
175
176
177
178
181
187
189
191
194
195
197
204
207
208
210
211
212
215
218
220
223
225
227
229
231
234
235
236
237
238
239
241
242
246
247
248
249
250
251
256
257
259
262
264
265
272
275
277
278
279
282
284
285
294
295
296
297
298
301
305
306
307
311
315
316
317
319
320
327
330
331
334
335
337
338
339
341
343
347
351
355
362
369
372
374
376
377
381
382
383
385
387
389
391
393
397
398
399
400
402
405
408
409
411
412
414
416
417
420
421
422
423
424
425
427
428
431
434
435
436
437
438
439
444
446
448
449
451
452
456
457
461
462
464
466
467
468
469
470
471
472
475
478
479
484
485
486
487
488
491
494
495
498
500
501
502
505
506
510
512
513
515
516
517
518
519
520
521
524
525
526
528
530
531
534
536
537
541
542
546
548
551
552
553
554
557
560
561
562
563
565
566
568
572
574
575
577
578
581
582
584
586
589
590
591
592
593
596
598
600
601
604
605
606
610
611
613
615
618
619
620
622
624
625
627
628
629
630
632
633
637
638
639
642
646
647
648
649
652
655
656
657
658
659
660
662
663
666
670
672
674
681
